3.2921 -3.43098 0.010158 3.48807 3.292023
4.02318 4.1371 3.71907 3.80904 5.89413
9.733807 25.20712 4.76912 -5.40293 0.950193
5.52606 7.64419 1.79606 4.366044 4.49206
1.94204 4.44516 8.26106 19.119 1.40312
1.862228 -1.832 4.639117 2.574 1.32205
4.164 1.762 3.370865 1.035083 5.68804
20.62 6.662 1.32204 -2.12593 0.04103
2.305 -0.1379 2.008 5.569 1.444
1.553413 9.593 22.506 3.78 -2.382
-4.853 6.538 3.256 2.331 3.276
3.249 4.187995 2.927 10.745 35.068
1.721 3.445001 2.63 4.159 1.41
4.418 5.094 3.943 5.837 4.248
15.626 33.38401 3.933 2.765 4.957
2.249 -0.832 -7.106 3.684 7.784
3.541
